1111 -1.6701041 -1.6180947 -0.07520151 -0.3235364 0.3684799 1.8683335 -1.375658 0.79450375
1112 -2.3226075 -1.450457 -0.23238486 -0.17066789 0.42838484 2.179898 -1.0889027 0.54146314
1113 -1.7367148 -1.4358461 -0.13881683 -0.4271707 0.093370974 2.312091 -0.9790166 0.5508713
1114 -1.6943018 -1.8515079 -0.4928531 0.14570814 -0.39414746 1.9147973 -1.4475291 1.5654218
1119 -1.8664433 0.16836047 -0.09748274 -0.095077455 0.17199576 1.7558726 -0.9513126 0.69192684
1121 -1.8096474 -1.8442799 0.1604554 0.1978774 0.9086836 2.1683786 -0.777265 0.9118145
1122 -1.5161419 -3.053403 -0.009399593 0.073023915 0.056063563 2.544698 -0.67060864 1.0967815
1123 -1.2701437 -2.2778287 0.013858557 0.20481479 0.60454315 2.4796236 -0.54969615 0.74703217
1124 -2.3498952 -3.9147658 0.07763654 0.0836218 1.0120678 2.4823098 -0.7679308 0.75476694
1125 -1.4445039 -2.454743 0.47942144 -0.4275374 0.053310618 2.211744 -1.1274035 0.6067753
1129 -1.4439924 -1.7674143 -0.134512 0.1369546 -0.022713378 2.001724 -0.73120445 0.7232939
1131 -1.2481605 -4.8623233 0.15062654 0.86799157 -0.03389874 1.5298315 -1.2884634 0.19793883
1132 -0.8081564 -3.9246373 -0.41619456 -0.09505248 0.4257881 0.90632534 -0.74998647 0.77477324
1133 -1.6016673 -4.917569 -1.2181618 -0.3679171 -0.28653556 1.5436476 -2.5936856 0.42761278
1141 -1.126157 -2.8901055 -0.013165176 -0.013866484 0.62315273 1.9709885 -0.7347738 0.044115275
1142 -1.2012956 -4.900562 -1.0288442 -0.6629246 0.7314793 1.018956 -1.2372341 -0.48828182
1151 -1.9107437 -0.17894882 -0.25094783 -0.22780365 -0.18994747 1.6413885 -1.545897 0.28951293
1152 -1.2568103 -3.1949692 -0.622391 -0.26056993 -0.43289167 2.0677648 -0.79491943 -0.28646696
1153 -1.309162 -2.0487943 0.039716065 -0.5623773 -0.9991252 1.2021571 -1.3326657 -0.25056696
2111 -2.0723145 -2.560485 1.2195272 2.1740851 -0.899744 0.66576785 -2.7338128 -0.1397628
2121 -2.1149 -3.2260175 1.0217714 1.3350468 -0.4549303 0.2028802 -2.6925178 -0.40766478
2122 -1.9392431 -2.4065464 1.4840305 1.4996302 -0.45122856 0.049431182 -2.9297116 -0.36857194
2123 -2.1466668 -0.75443566 0.34963983 0.6295351 -0.46951187 0.21829662 -2.9130163 -0.21149747
2131 -1.7209044 -1.9744737 0.46016592 0.94690394 -0.99361295 -0.11308796 -2.5415416 -0.32378662
2211 -1.5148947 -1.1100284 0.71855 1.6074121 -0.6356914 -0.3114773 -2.0103421 -0.526315
2212 -1.8488892 -2.829416 0.77307445 1.4083667 -0.8511335 0.27703846 -2.5703835 -0.13237837
2213 -2.529088 -1.5241876 -0.14640504 1.9794824 -0.8575339 0.05092746 -1.9822562 -1.1456712
2361 -1.2473288 0.4418286 -0.54757416 -0.11268014 -0.9435236 -0.9043652 -1.5547836 -0.31768528
2362 -1.3986193 0.44554448 -0.5069238 -0.115932226 -0.7404731 -0.96440893 -1.6268775 -0.49096447
2371 -1.5508969 -1.0825933 -0.34277862 -0.013641834 -1.0990025 -0.9584359 -2.1149895 -0.6093615
2372 -1.7853568 0.18836284 -0.7520245 -0.06461972 -1.2744261 -0.87216574 -1.2444239 -0.22104675
2373 -1.5378687 -0.39692438 -0.65859413 -1.350652 -1.1648649 -0.6525089 -2.2078109 -0.8705273
2379 -2.0886526 -0.60852396 -0.21749657 0.29670167 -1.1035966 -0.9518016 -1.8697093 -1.0767167
2381 -1.7684954 -0.39612633 -0.81282914 -0.74515265 -0.8710082 -1.4545128 -1.6145892 -0.25778764
2382 -1.4510382 -0.40246236 -0.7449343 0.31093335 -0.70869935 -1.8284341 -1.6262984 -0.33005592
2383 -1.8280202 0.060338378 -1.0066512 -0.5908544 -0.6118575 -1.5985936 -1.5687418 -0.3208911
2389 -1.6096402 -0.15427977 -0.92748344 -0.12752485 -0.9273104 -1.1178912 -1.8111081 -0.25132796
3111 -1.24488 -0.9395955 0.35776633 1.2872059 1.6108558 1.4715638 0.10308698 -0.0064258873
3112 -1.9577907 -0.43871194 0.22685385 1.2074385 1.8305492 1.3496515 -0.937143 0.022321746
3113 -1.935745 -0.43518913 0.6000331 0.9294945 2.140865 0.95254666 -0.123156935 0.2717896
3114 -1.4617571 -0.9890731 0.6477261 1.5106859 1.3976246 1.3811817 -0.02054447 0.20877692
3115 -1.7443714 -0.27378398 0.35876113 1.0556806 1.8884474 1.0629206 0.17112568 0.07282102
3116 -1.5469831 -0.21574831 0.53460354 1.2659886 1.4602001 1.3073819 -0.123251796 0.042165637
3117 -0.7171304 -2.2775452 -0.4838677 0.48479557 1.9578519 0.9053385 0.8125919 0.30773127
3118 -1.7790091 0.33335578 0.113956094 0.56821966 1.8596419 1.1569971 0.43017748 0.053231835
3119 -1.5948465 0.83034134 0.53175944 1.2723334 1.6452076 1.0649555 0.18856508 0.000617519
3121 -1.7652116 0.27475798 0.29884785 1.4584835 1.4759314 1.1317264 0.16174506 0.35289443
3122 -1.3670163 -1.9301347 0.8218815 1.6545365 1.6491414 0.8217559 0.12718396 0.6023095
3131 -1.7626581 -1.5619048 0.93772966 0.6105268 1.9179541 -0.28417063 -1.2348974 1.4433923
3132 -1.672265 -1.6525143 0.5416072 0.61382926 1.6881044 -0.3179319 -1.0150378 1.568604
3133 -1.8414731 -2.12038 0.66631037 0.22193551 2.10023 -0.3414083 -1.1131432 1.369973
3141 -1.8462951 -1.7741908 0.12773651 0.03756535 2.1212883 -0.962916 -0.8194184 1.5529928
3149 -1.8202546 -0.5537696 0.29318923 0.13721901 1.7318175 -0.49941075 -0.95905286 1.4675636
3151 -2.0119884 -1.6873888 0.40680164 0.021253884 2.3300202 -0.55060774 -0.44025856 1.5145426
3152 -1.8400619 -0.5967267 0.38503784 0.17870265 1.742056 -0.5128394 0.021108717 1.4998558
3159 -1.1564486 -2.5088065 0.43795902 0.37019777 1.9057883 -0.7683678 0.1112826 1.5933709
3161 -0.7321659 -2.5188208 0.51804084 -0.44223836 2.043322 -0.11216664 -0.0798004 0.53217053
3162 -1.0633819 -2.7264485 -0.06040007 0.055134952 1.6922137 -0.78615075 -0.53334606 1.284364
3169 -1.0994366 -2.642499 -0.072451234 0.17218822 1.6471392 -0.5448979 -0.88600236 1.2716172
3211 -1.2312577 -2.2410898 -0.285973 -0.3307628 1.4956287 -0.27138782 -1.4206972 0.019888788
3212 -1.2654709 -3.8749132 -0.3566434 -0.13581449 1.6912019 -0.7753476 -2.0834792 0.96581393
3219 -2.0145001 -0.5424829 -0.2662742 0.046224892 1.6834648 -0.54385746 -1.5535524 0.5256849
3221 -1.9583216 -1.4972978 0.7037247 1.5755134 1.1110667 -0.5567608 -1.0634327 1.6521733
3222 -2.0632038 -1.4088066 -0.21479034 1.6396604 1.6166815 -1.0354031 -0.9691122 1.0569072
3231 -1.7810526 -0.61833626 -0.3316409 1.7592912 0.5429737 -1.1020864 0.020723224 1.0707986
3241 -1.8852942 -1.1869905 0.77839977 1.5086658 0.716167 0.5412059 -2.0253334 -0.57330537
3251 -1.8544816 -1.0156415 0.73011273 2.0329015 1.0426654 -0.28939188 -1.7150693 0.2396014
3252 -2.2142322 -2.4535427 0.114813745 1.9239564 1.9795926 -0.14285576 -2.1464734 0.39983737
3253 -2.113277 -2.0316346 0.6344275 1.914444 1.0332382 0.62474185 -1.9509256 0.26749897
3254 -1.7217922 -0.16945744 0.42258614 2.0967445 1.448223 -0.31120592 0.6792394 0.19351444
3255 -2.5578856 -2.1626253 -0.13042825 1.8548245 2.1250663 -0.44847065 -1.9371305 0.7518035
3256 -1.9176611 -0.8124629 0.10652381 1.8772104 1.5019251 -0.2527808 -0.36888307 0.7296449
3259 -1.9187124 -0.99289215 0.4631055 2.1353376 1.3026696 -0.20080574 -1.2860847 0.3295365
3261 -1.8798015 0.0050290227 -0.28672925 0.9657012 1.6500771 -0.87828076 -1.5170982 -0.5846808
3262 -2.1173525 -1.0018909 -0.1478219 0.31195462 2.0398126 -0.855514 -1.3084531 -0.10059249
3271 -1.8611528 -1.3835082 -0.018784702 0.52430177 1.3464715 -0.7490762 -1.9455531 0.19578949
3272 -1.9124613 -1.5258026 -0.033924043 1.1955931 1.6916403 -0.96463484 -1.8305237 0.021924138
3273 -1.7646093 -0.16471553 0.2964329 0.18059653 0.71279037 -0.5434413 -2.147948 -0.222974
3274 -1.9141562 -2.8314562 0.34773487 0.02228576 1.598887 -0.16811155 -2.2831123 -1.0417826
3279 -2.0779474 -0.9835553 0.4712698 0.11615944 1.1442114 -0.7210138 -2.200301 -0.287792
3311 -2.065452 -0.9914433 0.54277605 1.0871723 1.7437546 -0.91413766 -2.0731122 -0.77123666
3312 -2.2287948 -1.12074 0.9968454 0.68869185 1.8277503 -1.3167151 -1.5517769 -1.0143268
3313 -2.1507573 -2.0087364 0.8590302 0.9682962 1.9329923 -0.61765754 -2.3324738 -0.020064965
3314 -1.9083265 -2.0415816 0.973411 0.6346419 1.6699023 -0.64958864 -2.1850853 -0.26857835
3315 -1.822076 -1.3370591 0.46060902 0.4138062 1.8245872 -0.7285653 -1.5185764 -0.6105976
3321 -1.8279293 -1.364462 -0.22104704 0.85026705 2.0566792 -1.0801207 -1.0589128 -1.2120117
3322 -2.0341341 -1.6555023 0.38168067 1.2992947 2.066824 -1.3420798 -0.8261017 -0.06907053
3323 -1.810124 -0.2985611 -0.10914308 0.3688985 1.1228867 -1.6861823 -1.5455048 -0.5810795
3324 -2.1002524 -1.1082529 0.08647019 1.1470954 1.5577512 -1.1146231 -1.699096 -0.91249543
3325 -1.266068 -4.585682 0.21409428 1.2871585 1.7347164 -1.7791563 -0.9335467 -0.2780775
3326 -2.2916276 -1.792665 0.31064624 1.0859325 1.8656259 -1.6066563 -1.0448222 -1.0752094
3327 -1.0484881 -2.1942275 -0.57952535 -0.07262105 2.134868 -0.67196196 -0.91640884 -0.7220598
3328 -2.2741015 -1.7163119 -0.38855377 1.4107239 1.820166 -1.6490903 -1.212796 -0.7681629
3329 -2.158865 -0.3385346 -0.05613017 1.3316863 1.8573552 -1.8108101 -1.3008776 -1.190733
3331 -1.9503052 -0.41270828 0.49294394 0.8627049 0.95202506 -0.9884801 -1.8144672 -0.7188716
3332 -1.8438022 -0.5010765 0.32308787 1.3364553 1.1095556 -1.5735642 -1.2499931 -0.84061176
3333 -1.7042929 -0.8687054 0.89369935 1.3723412 1.4110183 -1.2292826 -0.20765299 -0.65308464
3334 -2.0617862 -1.2586055 0.5403351 1.5120814 1.4099718 -1.6057134 -0.9189771 -0.8125668
3335 -1.9164495 -0.959197 0.53404945 1.2731256 1.3561201 -1.5248983 -1.0259266 -1.1522474
3336 -1.5773416 -2.0360851 0.309645 1.330709 1.7388515 -1.5327624 -0.84139115 -1.1941509
3339 -1.7767457 0.14455223 -0.16926414 1.018075 1.4012378 -1.2600366 -0.9552787 -1.1522753
3341 -1.692288 -1.8099647 1.074856 1.9275947 0.9571894 -1.7893709 0.19622713 0.52860403
3342 -1.4006286 -2.1949081 1.1630886 2.0290792 0.627034 -1.7967896 0.06848666 -0.38620156
3343 -1.7549844 -2.9676676 1.0021806 1.9341354 1.5225252 -1.8785422 0.38077462 0.36137462
3344 -1.885967 -1.5036854 1.1520541 2.0200658 1.3589321 -1.4986569 -0.480568 -0.12917271
3345 -1.4515843 -0.7711749 0.4098869 1.6822639 1.2255381 -1.7000756 0.23508409 -0.8483393
3346 -1.1739972 -2.03086 0.9580088 1.7317431 0.49337757 -1.2965659 0.2737982 0.24913666
3351 -1.9510529 -1.5511159 0.51063627 1.2432752 1.6311358 -2.0892217 -0.46233422 -0.3327741
3352 -2.0125806 -1.1558585 0.70997363 0.82059693 1.5179302 -2.0287883 -0.4418863 -0.060462818
3353 -2.0720806 -1.8756269 0.63934857 1.7054844 1.2884797 -1.9945078 -0.75721365 -1.2479067
3359 -1.7621033 -0.37908238 0.61319226 1.6974063 1.344944 -1.7120943 -0.54026085 -1.096388
3361 -2.1358633 0.40138125 0.49046868 0.43764699 1.9296744 -1.0238622 -0.34482437 -1.5482409
3362 -2.2113383 -0.1226477 0.017390966 0.57670534 1.9830295 -0.69314986 0.1496021 -1.5675108
3363 -1.7204826 0.31064355 0.6669281 0.41017628 2.0241418 -1.0822817 -0.22262418 -1.5408952
3364 -1.6128082 -0.9762542 1.3296094 1.3789349 1.1561141 -0.8509106 -0.14957723 -1.8691437
3365 -1.0064867 -3.0951152 0.50737137 0.52081215 1.479087 -0.07479931 -0.96804744 -1.401473
3366 -1.5292693 -0.34756315 0.16571343 0.57091844 1.317307 -0.5063352 -0.475713 -1.7211494
3369 -1.8146018 -1.3851042 0.458831 1.3987494 1.3659443 -0.59560573 -0.36737686 -1.7411242
3371 -1.9247258 -0.3010723 -0.48438287 -0.2527433 1.4205859 -1.202681 -1.0541875 0.45413232
3372 -1.6155905 -1.8444302 -0.083378136 -0.15068656 1.7868245 -1.4643096 -0.3548314 0.6165322
3379 -1.0660721 -3.026946 0.18558466 -0.05258012 1.9271182 -1.2503114 -0.51765317 0.82749265
3391 -2.1447062 -0.90769446 0.48103195 1.7896097 2.019449 -1.2869997 1.2346926 0.043951184
3399 -1.380596 0.14138448 0.13388932 1.2310975 1.0398543 -1.4796479 -0.6972529 0.466798
4231 -1.8081663 1.2429811 -1.1186018 -0.26682323 0.33283335 -0.5317456 -0.36767644 -0.7787964
4232 -2.2000544 -0.15521842 -1.1007272 0.8600825 0.34974027 -1.3091651 -0.20657504 1.2575822
4233 -1.9993856 0.36026478 -0.8865572 0.86465025 0.23195691 -0.5608381 -1.9050796 0.41370058
4234 -1.576098 0.6453514 -0.86932665 1.4016025 0.324443 -1.2140934 0.5497943 0.2614979
4235 -2.22169 -0.21030343 -0.753958 1.2209091 0.2143859 0.14448723 -2.204663 -0.33565506
4236 -2.154944 -0.46001935 -0.8354304 1.9496088 0.253225 -1.7149258 -0.45014322 0.2102207
4237 -2.200418 0.20515966 -0.8236472 1.2645516 0.23247729 -1.0455542 -1.1429429 -0.017951727
4238 -1.6150851 0.73452115 -1.0408787 1.6416829 0.22325063 -0.30811334 -0.5079627 -0.26653895
4239 -1.4734315 1.1937455 -0.84684455 0.95523 0.10161927 -0.30958933 -0.75969964 0.5540794
4241 -2.6003222 -2.2090845 -1.2416122 2.036282 0.2064038 0.013779361 -0.8889592 1.9952588
4242 -2.0333557 -0.34859246 -1.1748877 2.013406 0.28204596 -0.14059073 0.6554569 0.67672867
4243 -2.114729 -0.10539961 -1.1053627 0.41425872 0.35679775 -0.6827143 -0.12066975 1.9245262
4244 -1.672817 0.73366094 -1.2075756 1.2318103 0.2064038 1.3530908 -0.03389895 0.48316437
4245 -2.0634236 0.03150487 -1.2237788 1.3040893 0.2064038 1.6418886 -1.0563083 0.7257686
4246 -2.1626725 -0.9545979 -1.1193798 2.1530674 0.2064038 0.37688935 -1.5231605 0.4261719
4247 -2.3010533 -1.3305284 -0.93291116 1.7846637 0.2064038 1.4246175 -2.312495 -0.4020085
4248 -2.5348592 0.21567357 -1.3054507 1.2978482 0.2064038 1.7112021 0.019578815 0.69355416
4249 -1.8884802 1.105771 -1.185742 1.3118694 0.2064038 0.5292212 -0.405428 0.88949305
4251 -2.2723672 0.3662114 -0.6983832 1.3682787 0.2631055 -0.055840548 0.109876364 0.5224806
4411 -2.0634518 1.3830291 -0.65302455 -1.171258 0.8403598 0.5255121 0.23813939 -0.84290516
4412 -2.0211365 0.48676336 -0.5780859 -1.2662885 1.1089613 0.5687344 0.2380638 -1.0130947
4413 -1.4376371 -0.49422693 -0.7520245 -1.9479038 1.2344589 -0.23038036 0.23426682 -0.79561675
4421 -2.5730758 0.107488394 -0.7520245 -1.1103617 0.57437575 -0.9621571 0.16903411 1.7163484
4422 -1.7708372 -0.16659749 -0.7520245 -1.2169243 0.5820042 -0.7691243 0.22200596 1.3417218
4431 -1.8924586 -0.65362704 -0.7520245 0.6364436 0.24911183 -1.7063009 0.28615382 1.0934904
4441 -2.414029 0.40751374 -1.258954 -0.66704684 0.48233378 -0.35832715 -1.2871301 0.75858045
4442 -1.1581534 -2.9355855 -0.7520245 -0.8610521 0.47060353 0.28865606 -0.76698285 1.1975212
4451 -1.8451674 1.2843426 -0.7520245 -0.5059855 0.40578884 1.2290573 0.6926886 0.671105
4452 -1.6481502 0.067469 -0.7520245 -0.4494097 0.4912029 1.2558817 0.90649635 0.4282511
4453 -1.9636755 -0.90234584 -0.7520245 -0.3607266 0.40389174 1.4650977 1.364264 0.87729603
4461 -1.811143 0.52364886 -0.7520245 0.29094124 0.7162865 -0.2530874 1.5303082 0.82080024
4471 -1.9163878 0.76174676 -0.73244536 -0.75420374 0.2064038 0.9227399 -1.4694035 -0.11553229
4481 -2.0264802 0.21273243 -0.7520245 -0.6583491 0.5124947 -0.4983049 0.2192097 1.9004672
4482 -1.8826702 -1.6500896 -0.7520245 -1.5410626 0.78149575 -0.70374614 0.18835871 2.1336067
4483 -1.6205201 -2.2410307 -0.7520245 -0.9867121 0.5545592 -0.4209978 0.16833895 2.1361008
4511 -2.2267687 -0.690102 -0.7520245 -1.1291978 0.7174244 -0.4995017 0.44063395 2.099264
4512 -1.6281954 -1.1558139 -0.55093807 -0.19219214 0.066485286 0.06569792 0.7926249 1.6841576
4531 -0.6734526 -2.4460754 -0.69365877 -0.45526975 0.4857574 0.925376 -0.057402104 0.84140366
4532 -1.5596781 -2.5619838 -0.7520245 0.43371427 0.42160225 -0.305775 0.2789004 2.1285732
4533 -1.5790552 -1.2044027 -0.7520245 -0.5805639 0.48216385 0.092036925 -0.039800555 0.89692765
4539 -1.2212731 1.3300787 -0.7423368 -0.23164314 0.3598566 -0.2966978 -0.009374559 0.8273805
4541 -2.2410102 -0.21878767 -0.58018744 0.3983457 0.6080917 -0.4616499 1.0279322 1.5748398
4542 -0.7294594 -3.050664 -0.63931096 -0.8831546 0.7932013 0.24272613 0.1736239 0.40153843
4543 -1.3892586 -0.41944152 -0.7520245 -0.032642543 0.67751056 0.5500421 0.123967156 0.5088107
4811 -1.9010192 -1.5114396 1.1480751 1.2340927 -0.8753169 1.0210395 0.30383167 -2.2326982
4812 -1.9196815 -1.9092797 1.3220785 1.2414932 -0.7801404 0.9511255 0.28105327 -2.0829878
4821 -2.0162065 -0.8047129 1.1851418 0.011503935 -0.8347743 0.9059894 -0.5682486 -2.4144278
4831 -1.9216617 -0.5105276 0.13139021 1.422219 -0.8314274 1.1975502 -0.9591767 -1.7441869
4832 -1.540781 -2.6480584 -0.7439086 1.4318075 -0.52617234 1.4612381 -0.7174066 -1.7841439
4841 -1.5107663 1.0528942 -0.7019958 0.736794 -0.41985863 0.92367154 -0.6043292 -1.7103949
4842 -1.6139205 -1.92507 -1.1078638 1.0902022 -0.38857955 0.9475056 -0.33892858 -1.7679577
4851 -1.7735717 -0.5491543 -0.5858187 0.28603292 -1.1362507 0.96654284 0.07338922 -2.2200813
4852 -1.2881317 -2.470683 -0.030283451 -0.5219672 -0.20545079 1.3694832 -0.10524836 -1.8090782
4853 -1.4265306 -1.0357902 -0.4966852 -1.2993748 -0.20036103 1.0138102 0.66886604 -1.9888914
4854 -1.2776588 -4.122428 0.1340248 0.016000092 -0.43557036 0.9713168 0.050498813 -2.236729
4855 -1.2433962 -4.4384503 0.18459153 -0.43549934 -0.8905838 1.3016974 0.06627859 -1.824244
4859 -2.123165 -0.9317903 -0.011823654 -0.10648012 -0.7662887 1.4104503 -0.0073999763 -2.3902128
4861 -1.4418606 -4.75863 1.0146401 0.06949872 -0.30568558 1.1639527 -2.1062446 -1.6041
4862 -1.565123 -5.0079894 1.0981593 0.7353294 0.10211387 1.3894786 -2.4804575 -1.51298
4869 -1.6675261 -4.548285 0.4780833 1.353488 -0.5228042 0.747 -1.2148814 -2.1897173
4871 -1.4260854 -5.2070923 -0.3587271 0.82243574 -0.8504531 1.4280838 -0.44913983 -1.9923794
4872 -1.8606025 -6.2943945 -0.31904092 -0.18490374 -0.9266252 2.8134181 -0.6956273 -2.1079776
4879 -2.1444926 -7.397444 -0.17652047 1.4749081 -0.45150065 2.4618766 -0.2608722 -2.601693
4881 -1.9792957 -1.2982714 0.06565368 1.0501345 -0.9109494 0.83711725 0.17421362 -2.0089588
4882 -1.774412 -2.0111327 0.020676494 0.4981066 -1.065994 0.82755387 -0.2573781 -2.1733944
4883 -2.0262718 -0.39653903 -0.4664227 1.1745853 -0.7664817 1.0251857 -0.6227577 -1.7796857
4884 -1.880048 -0.9145141 -0.5771128 0.5639 -0.8344117 0.8113938 -0.32484204 -1.9616446
4885 -2.1912384 -0.96487606 -0.2175023 0.99307597 -0.4708054 1.554538 -0.13459978 -2.4249072
4889 -1.8085346 0.47477353 -0.5591054 0.96729934 -0.6270646 0.61063117 -0.17926109 -1.8884959
4911 -1.60296 -2.0477896 0.35018224 1.7919345 -0.98827034 0.24605723 0.72894824 -1.4799535
4921 -1.5275872 -2.303752 -0.5504614 1.6755214 -0.31194293 1.4682149 0.9205701 -1.4714727
4922 -1.6958517 -5.527933 -0.61846316 0.825068 0.03830187 1.4678332 0.50712585 -2.4173222
4931 -1.9240745 -0.1436463 -0.66860735 1.3028424 0.21369627 1.1472716 -0.20131522 -0.99557185
5111 -1.403068 -0.8115418 -0.23647296 1.4650359 -1.127297 -0.8736898 0.6832646 1.383836
5112 -1.823081 -1.9704676 0.9631067 1.9154465 -0.9820309 -0.8312675 0.44882995 1.1592507
5121 -1.6637915 -1.6772338 0.56155676 1.0642958 -1.519569 -1.4185976 0.24436012 1.4580517
5122 -1.8542277 -3.0170908 0.5775004 0.84257007 -1.3054199 -1.2481306 0.74617994 1.4706945
5151 -1.6135111 -2.1635337 1.0750372 1.7225289 -1.2978171 -0.72209036 0.59577245 1.5493505
5152 -1.2086298 -5.400506 0.99737257 1.0875564 -0.66691303 -0.43013614 0.37226868 2.3618999
5174 -1.4432744 -5.7064066 0.6392521 1.9555018 -1.2893311 -0.015209243 0.49969304 -0.060409516
5179 -0.9826088 -1.6416134 1.2160914 1.8729961 -1.0309286 -0.015209243 0.51979446 0.20168766
5182 -1.6492554 -0.6257323 0.3087241 1.7359641 -1.1200188 -0.49912953 0.44168884 0.117694706
5191 -1.4619126 -2.292222 0.6186288 1.9397788 -1.0835068 -0.5121737 1.0317129 0.092923135
5211 -0.42652 -3.3040648 1.5330708 -1.4346675 -0.735666 0.043522418 0.20694053 -0.28147528
5221 -1.2109721 1.8584291 2.0728507 0.64873207 -0.6490515 -0.2799514 -0.09824133 0.046718746
5222 -1.488978 1.4064747 2.036078 0.59281695 -0.45152098 -0.1580303 -0.13755 0.010155231
5223 -1.6673433 -0.035952985 2.1947618 0.6161897 -0.522118 -0.10344796 -0.10452518 -0.00094380975
5231 -1.3457825 2.3344545 1.780091 0.63303864 0.005048886 -0.21901593 -0.17163321 -0.022976756
5232 -2.0017831 -3.4563303 3.0306776 -0.22967863 -1.1538641 0.17971374 -0.63819045 0.39712524
5239 -0.15969694 2.035295 1.5540104 0.10080576 -0.28140604 -0.060681272 -0.005071938 0.08656505
5241 -1.8050272 0.54493 2.1364515 -0.19547081 -0.9182175 -1.0029532 0.7226267 -1.0647883
5242 -1.4558307 2.2038746 1.06193 -0.23655128 -0.59878266 -0.7239919 0.17717066 -0.35568708
5251 -2.253014 0.3308555 2.6724608 -0.4774636 -0.35961127 -0.25341368 -0.123432964 0.064549536
5259 -2.8397634 0.31821227 3.5200322 -0.5199597 -0.27801454 0.123605356 -1.0321693 0.23845893
5311 -0.8916498 2.0655894 -0.30899358 -0.04439628 0.19772008 -0.12158775 0.19723758 -0.16568501
5312 -0.9223436 1.9079229 -0.60524553 0.12998211 0.22306494 0.048600145 0.017505765 0.07169849
5313 -1.0507102 1.969812 -0.6591053 -0.35543004 -0.00797011 -0.22908242 0.30023503 -0.12827864
5321 -2.4233277 1.0467638 -0.20183283 -0.61131585 -0.46962875 -0.21862203 0.495059 -1.4400213
5322 -1.2806581 -1.032445 -0.7520245 -0.8826542 0.056322053 -0.28720057 0.4130258 -0.051787347
5323 -1.4100811 -1.5951366 -0.6766573 -0.051368594 -1.0703845 -0.6465598 0.26733246 -0.5742023
5324 -1.5747964 0.71099186 -0.18852895 0.67066336 -0.922185 -0.45599568 -0.39418304 -1.2565789
5331 -1.2596257 -2.8241224 -0.41952887 1.3413048 -0.42152166 -0.63775474 -0.037541658 0.35440612
5411 -1.5106397 0.29163206 0.057670176 1.1689451 -1.0482562 -0.8131123 0.6119902 0.08657658
5412 -1.2213868 1.0713617 -0.7520245 0.89073217 -0.9195979 -1.0841637 0.3370606 0.079182744
5413 -1.2642777 0.2877251 -0.26342335 1.2986562 -0.6865492 -1.1931314 -0.3838101 -0.70761657
5414 -1.0004678 -2.3822718 -0.7520245 0.72691023 -0.520836 -1.5783869 0.6296989 0.06047982
5415 -1.3477038 -0.11730313 0.0069300532 1.6086457 -1.0043792 -1.3881135 0.48605636 -0.041217253
5416 -0.5575681 1.3388919 0.00678885 0.8388463 -0.35149515 -0.5611549 0.35827875 -0.1122041
5417 -1.5109682 -0.82945085 -0.29987293 1.8867161 -0.20156123 -0.70561326 0.63392365 -0.007450938
5418 -1.6934594 -0.06867862 -0.32404628 1.2069731 -0.95468944 -0.9680992 0.4698679 1.233079
5419 -1.6797996 0.82954407 -0.505677 1.4320426 -0.57867175 -1.0231894 0.39322758 0.07897103
5511 -0.1911521 1.5025831 0.38217896 0.33304453 -0.09514476 -0.015209243 0.16013189 -0.006059423
5611 -1.7055732 0.68138003 0.06360453 1.1201372 -0.47233623 -0.65938294 -0.069701344 -0.69321644
5612 -1.2534534 -2.1485713 -0.74571234 1.2370889 -1.3538342 -0.8886741 0.22662815 -0.49910426
5613 -1.5509654 0.1507628 -0.7520245 0.62958145 -1.343015 -1.1987796 0.50130576 -0.48398644
5614 -0.89993167 1.0856498 -0.17605442 1.1498048 -0.29564798 -0.43017673 0.21064867 -0.34870335
5615 -1.6623428 -0.036893368 -0.085645676 0.77388775 -1.8614925 0.2723205 0.6375549 -0.64006895
5616 -1.8824546 -1.16508 -0.6879842 1.6350033 -1.3532542 -1.1794289 0.5926964 -1.0480962
5617 -1.5164406 -0.18964761 -0.7520245 0.006245196 -1.7493386 -0.82108766 -0.13152635 -0.5235276
5619 -0.92248565 0.95466805 -0.09542918 1.458199 -0.26230943 -0.3950084 0.24780595 -0.44597906
5621 -1.9644294 -2.0682101 -0.5350978 0.6288841 -1.4140121 -0.51336044 -2.3552027 -0.8161179
5622 -1.9270693 -1.9962927 -0.50482124 0.11350733 -1.1002588 -0.693269 -2.2395315 -1.1100719
5629 -2.1721687 -1.3486737 -0.7520245 0.6338216 -1.1041894 -0.6714699 -1.9743407 -1.3663683
6111 -1.6647983 -1.4489107 -0.6999242 -0.44028878 -1.56629 -1.9101373 1.6885912 0.33480155
6112 -1.7655354 -3.7969937 -0.41704702 -0.57084 -1.5074558 -1.8340197 1.2946649 0.22851339
6113 -1.9417074 -2.2271276 -0.6470507 -0.20185852 -1.4494724 -1.8422347 1.6399932 0.40719646
6114 -2.1282158 -2.833047 -0.43902636 -0.54459214 -0.9131027 -2.7498097 1.4038656 0.42860717
6115 -1.4905199 -5.4441223 -0.584826 -0.14150804 -1.8894433 -0.7292998 1.0320935 0.31666166
6116 -2.1114254 -1.0697261 -0.7520245 0.26965964 -1.3081881 -1.5442071 1.3729162 0.09746367
6117 -1.1727271 -4.142941 -0.7520245 0.39679384 -0.9548624 -1.1195345 1.2643589 0.5312652
6211 -1.8898482 -2.2971675 0.6176687 0.21756303 0.4839334 -0.542473 2.8862622 -0.3263298
6212 -1.7342889 -1.7729554 1.0193212 -0.050818205 0.7083324 -0.8142081 2.7710948 -0.72031593
6213 -1.7928071 -0.5110616 -0.21393305 0.6082803 0.2097586 -0.79819477 2.4189594 -0.28386554
6214 -2.1297932 -0.63699114 -0.26952314 0.29656982 0.1356507 -1.3152324 3.116679 -0.394507
6215 -1.5726508 -2.8553877 -0.11445522 1.249078 1.2079294 -1.2852099 2.5160277 -0.5558617
6216 -0.6568839 -3.5999203 -0.18275243 0.14707929 0.22177523 -0.7110675 2.50234 -0.2757697
6219 -1.7964863 -0.57357794 -0.18189323 0.35177994 0.014906004 -0.75537294 2.5706232 -0.48438138
6221 -1.8618482 -0.3874117 0.14561552 0.046395004 0.27842557 -1.0991852 2.7962015 -0.48786977
6222 -1.9343982 -4.8129463 0.2410047 -0.11741656 0.98722774 -0.52965534 2.942274 0.047994167
6223 -1.2401181 -4.273175 0.3307292 -0.0026106834 1.510202 -0.36582273 2.7205508 0.08037484
6231 -3.3866138 -2.4804893 -0.7520245 -0.8234266 0.8789434 -2.4628637 3.4550946 -0.30960593
6232 -1.5450087 -5.51379 -0.7520245 0.017506063 0.5299331 -1.5513109 2.8879223 0.051248223
6233 -2.7256908 -1.9531155 -0.024684906 -1.6512179 0.75786364 -0.61574763 3.1327317 -0.30213624
6239 -2.387008 -1.5722067 -0.7520245 -1.1352905 0.0043795705 -1.5144707 2.8355334 -0.16685998
6241 -1.2258723 -1.2406408 -0.73820597 -0.7055786 -0.52024996 -0.46358287 1.2844214 0.020808488
6242 -2.451696 -1.77794 -0.3686375 0.27594864 -0.6522461 -0.08921828 2.9349935 -0.28526026
6243 -2.1002831 -5.0765667 -0.7520245 -0.5067015 -0.63654405 -1.7041993 2.525925 -0.6094839
6244 -1.5046662 -2.6931906 -0.7520245 -1.2494993 -0.67298067 -0.6912284 2.3797746 -0.036751285
7111 -1.5616949 -0.95802766 -0.4976976 0.251369 -1.75294 -0.45535213 0.42146373 1.1391728
7112 -1.8256478 -0.4503277 -0.67652684 -0.2610854 -1.8435904 0.11360918 0.36948386 0.8174806
7113 -1.8879546 -2.3741343 -1.0088701 -0.05163741 -1.5473055 -0.11042466 0.31338972 1.3667438
7114 -1.8928621 -5.5168533 -0.8839941 0.06283456 -0.9892767 -1.047111 0.3443855 1.9575577
7115 -1.6181822 -4.794741 -1.291488 0.44482374 -0.75163317 -1.3994824 0.3932702 1.827045
7121 -2.1264808 -2.0626082 -0.7936883 -0.6066543 -1.274275 -0.38982028 -0.02306509 0.9160965
7131 -2.868273 -2.0313578 -0.7520245 -0.5892589 -2.7795513 -0.16023865 0.42169353 0.9648866
7132 -1.9761041 -2.0518637 0.49871105 0.7597314 -2.1238656 0.63811666 0.041137576 1.2644625
7139 -1.7247757 -0.57657313 -0.3463957 0.2822839 -2.1963239 0.13054265 0.09697643 1.117034
7211 -1.5155543 0.765641 -0.7520245 -0.48808768 -1.3978117 0.2897728 0.36543173 -0.07490331
7212 -2.5375752 -1.007934 -0.7520245 -1.6357024 -2.3004696 0.8073441 0.15178142 0.6520756
7213 -1.4599276 -3.8869424 -1.1003476 -1.141859 -0.8133623 1.1752824 1.6462588 -0.19336781
7223 -2.050573 0.22000635 -0.53847474 0.16778934 -1.4630646 0.94473755 1.1250479 0.011675194
7224 -2.5329287 -0.88966334 -0.6071152 0.3871032 -1.3541801 1.1339996 1.5718219 1.2915998
7225 -1.6775367 0.350325 -0.82363343 0.05123973 -1.1109985 0.6551275 0.8135775 0.65407497
8111 -1.7824012 0.77694416 -0.45150593 -0.63193727 0.082628354 -0.53185666 -0.059013605 -1.4147649
8112 -1.5466444 -2.148757 -0.1917116 1.4026597 0.06846246 -1.353648 0.44859892 -1.5343738
8113 -1.0558529 -4.1496286 -0.3617691 0.9448792 0.28897697 -1.5939554 -0.14815801 -1.6515002
8114 -0.959845 -2.4855304 -0.5365389 -0.6876643 0.3541618 -0.6641054 0.1408751 -1.0626891
8121 -1.292795 0.4750259 -0.49608275 0.60393727 -0.64925224 -0.71766174 0.6001794 -0.542372
8122 -1.1097196 -2.737703 -0.2513327 1.0803105 -0.7332639 -0.5130453 1.3260033 -0.66903585
8123 -1.2100815 -1.0215278 -0.7520245 -0.8879039 -0.28973967 0.56606674 0.5836596 -0.22215995
8129 -1.1835784 0.9095881 -0.3204281 0.6596887 -0.66188145 -0.59136677 0.32884893 -0.53800035
8131 -1.3066831 -2.7663765 -1.5002328 -0.21978247 -0.068636164 -0.20967388 0.83303577 -0.23854032
8132 -1.3976583 -2.6322713 -0.7520245 -0.2832722 -0.10457148 -0.5287579 0.24773659 0.37827754
8133 -1.2774649 -3.5062237 -0.73235136 -0.07993662 -0.467659 -0.25049514 1.4012885 0.039073616
8134 -1.581228 -1.6002059 -1.35249 -0.8103566 -0.45146322 -0.33298308 0.7131418 -0.075842276
8139 -1.4491376 0.81244874 -1.1980112 -0.22126448 -0.66729665 -0.1508438 0.5814278 0.049687743
9211 -0.006751895 -3.485743 -0.29074985 -0.15582466 -0.5136419 -0.07190007 -0.043046802 -0.73144263
9221 -1.6871452 -6.3346996 -0.83204526 0.81061685 -1.3845994 0.10974522 1.2441077 -1.6076949
9231 -0.8932764 -3.8534303 -0.2996834 -0.14272696 -0.407947 -0.62835413 1.3871057 -0.14812517
9241 -1.6315008 -6.656579 -0.4653999 -0.08214563 -0.6646522 -0.85360813 0.0040309727 -0.87276495
9251 -0.5596956 -2.4091377 0.40608495 -0.78433734 -0.31909806 -0.35983014 0.78231466 -0.20452397
9261 -0.8905447 -4.4857035 -0.48190278 -0.33059093 -0.1992919 -0.8365602 -0.2844693 -0.021889642
9271 -1.514564 -6.263433 0.95988077 1.232346 -0.178782 -0.77087235 1.153372 -1.4563699
9281 -1.1813557 -7.342058 -2.509906 0.11048031 -1.8365899 1.3468057 0.97852165 -0.24126194
